36 12
2 0
3 1
4 2
5 3
6 4
8 5
9 6
9 7
10 7
10 8
11 9
11 10
14 12
15 13
16 14
17 15
18 16
20 17
21 18
21 19
22 19
22 20
23 21
23 22
26 24
27 25
28 26
29 27
30 28
32 29
33 30
33 31
34 31
34 32
35 33
35 34
-1

0 1 2 3 4 5 6 7 8
-1

0 7 0
1 11 0
2 12 1
3 12 1
4 12 2
5 13 2
6 4 3
7 8 3
8 1 3
9 13 4
10 6 4
11 6 5
12 9 0
13 3 0
14 13 1
15 11 1
16 1 2
17 10 2
18 8 3
19 3 3
20 5 3
21 1 4
22 7 4
23 12 5
24 4 0
25 8 0
26 2 1
27 2 1
28 5 2
29 3 2
30 10 3
31 4 3
32 7 3
33 5 4
34 11 4
35 9 5

36 4 -1
37 2 -1
38 1 -1
39 9 -1
40 6 -1
41 6 -1
42 10 -1
43 8 -1
44 4 -1
45 7 -1
46 13 -1
47 10 -1

-1